-250.0 -250.0 300.0 255 0 0
-220.0 -250.0 300.0 255 0 0
-190.0 -250.0 300.0 255 0 0
-160.0 -250.0 300.0 255 0 0
-130.0 -250.0 300.0 255 0 0
-100.0 -250.0 300.0 255 0 0
-70.0 -250.0 300.0 255 0 0
-40.0 -250.0 300.0 255 0 0
-10.0 -250.0 300.0 255 0 0
20.0 -250.0 300.0 255 0 0
50.0 -250.0 28.19873 0 255 0
80.0 -250.0 28.19873 0 255 0
110.0 -250.0 28.19873 0 255 0
140.0 -250.0 28.19873 0 255 0
140.0 -250.0 28.19873 0 255 0
170.0 -250.0 28.19873 0 255 0
200.0 -250.0 28.19873 0 255 0
230.0 -250.0 28.19873 0 255 0
260.0 -250.0 28.19873 0 255 0
-250.0 -220.0 300.0 255 0 0
-220.0 -220.0 300.0 255 0 0
-190.0 -220.0 300.0 255 0 0
-160.0 -220.0 300.0 255 0 0
-130.0 -220.0 300.0 255 0 0
-100.0 -220.0 300.0 255 0 0
-70.0 -220.0 300.0 255 0 0
-40.0 -220.0 300.0 255 0 0
-10.0 -220.0 300.0 255 0 0
20.0 -220.0 300.0 255 0 0
50.0 -220.0 28.19873 0 255 0
80.0 -220.0 28.19873 0 255 0
110.0 -220.0 28.19873 0 255 0
140.0 -220.0 28.19873 0 255 0
140.0 -220.0 28.19873 0 255 0
170.0 -220.0 28.198853 0 255 0
200.0 -220.0 28.19873 0 255 0
230.0 -220.0 28.198853 0 255 0
260.0 -220.0 28.19873 0 255 0
-250.0 -190.0 300.0 255 0 0
-220.0 -190.0 300.0 255 0 0
-190.0 -190.0 300.0 255 0 0
-160.0 -190.0 300.0 255 0 0
-130.0 -190.0 300.0 255 0 0
-100.0 -190.0 300.0 255 0 0
-70.0 -190.0 300.0 255 0 0
-40.0 -190.0 300.0 255 0 0
-10.0 -190.0 300.0 255 0 0
20.0 -190.0 300.0 255 0 0
50.0 -190.0 28.19873 0 255 0
80.0 -190.0 28.19873 0 255 0
110.0 -190.0 28.19873 0 255 0
140.0 -190.0 28.19873 0 255 0
170.0 -190.0 300.0 255 0 0
200.0 -190.0 300.0 255 0 0
230.0 -190.0 300.0 255 0 0
260.0 -190.0 300.0 255 0 0
-250.0 -160.0 300.0 255 0 0
-220.0 -160.0 300.0 255 0 0
-190.0 -160.0 300.0 255 0 0
-160.0 -160.0 300.0 255 0 0
-130.0 -160.0 300.0 255 0 0
-100.0 -160.0 300.0 255 0 0
-70.0 -160.0 300.0 255 0 0
-40.0 -160.0 300.0 255 0 0
-10.0 -160.0 300.0 255 0 0
20.0 -160.0 300.0 255 0 0
50.0 -160.0 28.19873 0 255 0
80.0 -160.0 28.19873 0 255 0
110.0 -160.0 28.19873 0 255 0
140.0 -160.0 28.19873 0 255 0
170.0 -160.0 300.0 255 0 0
200.0 -160.0 300.0 255 0 0
230.0 -160.0 300.0 255 0 0
260.0 -160.0 300.0 255 0 0
-250.0 -130.0 300.0 255 0 0
-220.0 -130.0 300.0 255 0 0
-190.0 -130.0 300.0 255 0 0
-160.0 -130.0 300.0 255 0 0
-130.0 -130.0 300.0 255 0 0
-100.0 -130.0 300.0 255 0 0
-70.0 -130.0 300.0 255 0 0
-40.0 -130.0 300.0 255 0 0
-10.0 -130.0 300.0 255 0 0
20.0 -130.0 300.0 255 0 0
50.0 -130.0 28.19873 0 255 0
80.0 -130.0 28.19873 0 255 0
110.0 -130.0 28.19873 0 255 0
140.0 -130.0 28.19873 0 255 0
170.0 -130.0 300.0 255 0 0
200.0 -130.0 300.0 255 0 0
230.0 -130.0 300.0 255 0 0
260.0 -130.0 300.0 255 0 0
-250.0 -100.0 300.0 255 0 0
-220.0 -100.0 300.0 255 0 0
-190.0 -100.0 300.0 255 0 0
-160.0 -100.0 300.0 255 0 0
-130.0 -100.0 300.0 255 0 0
-100.0 -100.0 300.0 255 0 0
-70.0 -100.0 300.0 255 0 0
-40.0 -100.0 300.0 255 0 0
-10.0 -100.0 300.0 255 0 0
