-450.0 -500.0 300.0 255 0 0
-400.0 -500.0 300.0 255 0 0
-350.0 -500.0 300.0 255 0 0
-300.0 -500.0 300.0 255 0 0
-250.0 -500.0 300.0 255 0 0
-200.0 -500.0 300.0 255 0 0
-150.0 -500.0 300.0 255 0 0
-100.0 -500.0 300.0 255 0 0
-50.0 -500.0 300.0 255 0 0
0.0 -500.0 300.0 255 0 0
50.0 -500.0 300.0 255 0 0
100.0 -500.0 300.0 255 0 0
150.0 -500.0 300.0 255 0 0
200.0 -500.0 300.0 255 0 0
250.0 -500.0 300.0 255 0 0
300.0 -500.0 300.0 255 0 0
350.0 -500.0 300.0 255 0 0
400.0 -500.0 300.0 255 0 0
450.0 -500.0 300.0 255 0 0
500.0 -500.0 300.0 255 0 0
-500.0 -450.0 300.0 255 0 0
-450.0 -450.0 300.0 255 0 0
-400.0 -450.0 300.0 255 0 0
-350.0 -450.0 300.0 255 0 0
-300.0 -450.0 300.0 255 0 0
-250.0 -450.0 300.0 255 0 0
-200.0 -450.0 300.0 255 0 0
-150.0 -450.0 300.0 255 0 0
-100.0 -450.0 300.0 255 0 0
-50.0 -450.0 300.0 255 0 0
0.0 -450.0 300.0 255 0 0
50.0 -450.0 300.0 255 0 0
100.0 -450.0 300.0 255 0 0
150.0 -450.0 300.0 255 0 0
200.0 -450.0 300.0 255 0 0
250.0 -450.0 300.0 255 0 0
300.0 -450.0 300.0 255 0 0
350.0 -450.0 300.0 255 0 0
400.0 -450.0 300.0 255 0 0
450.0 -450.0 300.0 255 0 0
500.0 -450.0 300.0 255 0 0
-500.0 -400.0 300.0 255 0 0
-450.0 -400.0 300.0 255 0 0
-400.0 -400.0 300.0 255 0 0
-350.0 -400.0 300.0 255 0 0
-300.0 -400.0 300.0 255 0 0
-250.0 -400.0 300.0 255 0 0
-200.0 -400.0 300.0 255 0 0
-150.0 -400.0 300.0 255 0 0
-100.0 -400.0 300.0 255 0 0
-50.0 -400.0 300.0 255 0 0
0.0 -400.0 300.0 255 0 0
50.0 -400.0 300.0 255 0 0
100.0 -400.0 300.0 255 0 0
150.0 -400.0 300.0 255 0 0
200.0 -400.0 300.0 255 0 0
250.0 -400.0 300.0 255 0 0
300.0 -400.0 300.0 255 0 0
350.0 -400.0 300.0 255 0 0
400.0 -400.0 300.0 255 0 0
450.0 -400.0 300.0 255 0 0
500.0 -400.0 300.0 255 0 0
-500.0 -350.0 300.0 255 0 0
-450.0 -350.0 300.0 255 0 0
-400.0 -350.0 300.0 255 0 0
-350.0 -350.0 300.0 255 0 0
-300.0 -350.0 300.0 255 0 0
-250.0 -350.0 300.0 255 0 0
-200.0 -350.0 300.0 255 0 0
-150.0 -350.0 300.0 255 0 0
-100.0 -350.0 300.0 255 0 0
-50.0 -350.0 300.0 255 0 0
0.0 -350.0 300.0 255 0 0
50.0 -350.0 300.0 255 0 0
100.0 -350.0 300.0 255 0 0
150.0 -350.0 300.0 255 0 0
200.0 -350.0 300.0 255 0 0
250.0 -350.0 300.0 255 0 0
300.0 -350.0 300.0 255 0 0
350.0 -350.0 300.0 255 0 0
400.0 -350.0 300.0 255 0 0
450.0 -350.0 300.0 255 0 0
500.0 -350.0 300.0 255 0 0
-500.0 -300.0 300.0 255 0 0
-450.0 -300.0 300.0 255 0 0
-400.0 -300.0 300.0 255 0 0
-350.0 -300.0 300.0 255 0 0
-300.0 -300.0 300.0 255 0 0
-250.0 -300.0 300.0 255 0 0
-200.0 -300.0 300.0 255 0 0
-150.0 -300.0 300.0 255 0 0
-100.0 -300.0 300.0 255 0 0
-50.0 -300.0 300.0 255 0 0
0.0 -300.0 300.0 255 0 0
50.0 -300.0 300.0 255 0 0
100.0 -300.0 300.0 255 0 0
150.0 -300.0 300.0 255 0 0
200.0 -300.0 28.19873 0 255 0
250.0 -300.0 300.0 255 0 0
300.0 -300.0 300.0 255 0 0
350.0 -300.0 300.0 255 0 0
400.0 -300.0 300.0 255 0 0
450.0 -300.0 300.0 255 0 0
500.0 -300.0 300.0 255 0 0
-500.0 -250.0 300.0 255 0 0
-450.0 -250.0 300.0 255 0 0
-400.0 -250.0 300.0 255 0 0
-350.0 -250.0 300.0 255 0 0
-300.0 -250.0 300.0 255 0 0
-250.0 -250.0 300.0 255 0 0
-200.0 -250.0 300.0 255 0 0
-150.0 -250.0 300.0 255 0 0
-100.0 -250.0 300.0 255 0 0
-50.0 -250.0 300.0 255 0 0
0.0 -250.0 300.0 255 0 0
50.0 -250.0 300.0 255 0 0
100.0 -250.0 300.0 255 0 0
150.0 -250.0 28.19873 0 255 0
200.0 -250.0 28.19873 0 255 0
250.0 -250.0 28.19873 0 255 0
250.0 -250.0 28.19873 0 255 0
300.0 -250.0 28.19873 0 255 0
350.0 -250.0 300.0 255 0 0
400.0 -250.0 300.0 255 0 0
450.0 -250.0 300.0 255 0 0
500.0 -250.0 300.0 255 0 0
-500.0 -200.0 300.0 255 0 0
-450.0 -200.0 300.0 255 0 0
-400.0 -200.0 300.0 255 0 0
-350.0 -200.0 300.0 255 0 0
-300.0 -200.0 300.0 255 0 0
-250.0 -200.0 300.0 255 0 0
-200.0 -200.0 300.0 255 0 0
-150.0 -200.0 300.0 255 0 0
-100.0 -200.0 300.0 255 0 0
-50.0 -200.0 300.0 255 0 0
0.0 -200.0 300.0 255 0 0
50.0 -200.0 300.0 255 0 0
100.0 -200.0 300.0 255 0 0
150.0 -200.0 28.19873 0 255 0
200.0 -200.0 28.19873 0 255 0
250.0 -200.0 28.19873 0 255 0
250.0 -200.0 28.19873 0 255 0
300.0 -200.0 28.19873 0 255 0
350.0 -200.0 28.19873 0 255 0
400.0 -200.0 28.198853 0 255 0
450.0 -200.0 300.0 255 0 0
500.0 -200.0 300.0 255 0 0
-500.0 -150.0 300.0 255 0 0
-450.0 -150.0 300.0 255 0 0
-400.0 -150.0 300.0 255 0 0
-350.0 -150.0 300.0 255 0 0
-300.0 -150.0 300.0 255 0 0
-250.0 -150.0 300.0 255 0 0
-200.0 -150.0 300.0 255 0 0
-150.0 -150.0 300.0 255 0 0
-100.0 -150.0 300.0 255 0 0
-50.0 -150.0 300.0 255 0 0
0.0 -150.0 300.0 255 0 0
50.0 -150.0 300.0 255 0 0
100.0 -150.0 28.19873 0 255 0
150.0 -150.0 28.19873 0 255 0
200.0 -150.0 28.19873 0 255 0
250.0 -150.0 300.0 255 0 0
300.0 -150.0 28.19873 0 255 0
350.0 -150.0 28.19873 0 255 0
400.0 -150.0 28.19873 0 255 0
450.0 -150.0 28.19873 0 255 0
500.0 -150.0 300.0 255 0 0
-500.0 -100.0 300.0 255 0 0
-450.0 -100.0 300.0 255 0 0
-400.0 -100.0 300.0 255 0 0
-350.0 -100.0 300.0 255 0 0
-300.0 -100.0 300.0 255 0 0
-250.0 -100.0 300.0 255 0 0
-200.0 -100.0 300.0 255 0 0
-150.0 -100.0 300.0 255 0 0
-100.0 -100.0 300.0 255 0 0
-50.0 -100.0 300.0 255 0 0
0.0 -100.0 300.0 255 0 0
50.0 -100.0 300.0 255 0 0
100.0 -100.0 28.19873 0 255 0
150.0 -100.0 28.19873 0 255 0
200.0 -100.0 300.0 255 0 0
250.0 -100.0 300.0 255 0 0
300.0 -100.0 300.0 255 0 0
350.0 -100.0 28.198975 0 255 0
400.0 -100.0 28.19873 0 255 0
450.0 -100.0 300.0 255 0 0
500.0 -100.0 300.0 255 0 0
-500.0 -50.0 300.0 255 0 0
-450.0 -50.0 300.0 255 0 0
-400.0 -50.0 300.0 255 0 0
-350.0 -50.0 300.0 255 0 0
-300.0 -50.0 300.0 255 0 0
-250.0 -50.0 300.0 255 0 0
-200.0 -50.0 300.0 255 0 0
-150.0 -50.0 300.0 255 0 0
-100.0 -50.0 300.0 255 0 0
-50.0 -50.0 300.0 255 0 0
0.0 -50.0 300.0 255 0 0
50.0 -50.0 28.19873 0 255 0
100.0 -50.0 28.19873 0 255 0
150.0 -50.0 28.19873 0 255 0
200.0 -50.0 300.0 255 0 0
250.0 -50.0 300.0 255 0 0
300.0 -50.0 300.0 255 0 0
350.0 -50.0 300.0 255 0 0
400.0 -50.0 300.0 255 0 0
450.0 -50.0 300.0 255 0 0
500.0 -50.0 300.0 255 0 0
-500.0 0.0 300.0 255 0 0
-450.0 0.0 300.0 255 0 0
-400.0 0.0 300.0 255 0 0
-350.0 0.0 300.0 255 0 0
-300.0 0.0 300.0 255 0 0
-250.0 0.0 300.0 255 0 0
-200.0 0.0 300.0 255 0 0
-150.0 0.0 300.0 255 0 0
-100.0 0.0 300.0 255 0 0
-50.0 0.0 300.0 255 0 0
0.0 0.0 28.19873 0 255 0
50.0 0.0 28.19873 0 255 0
100.0 0.0 28.19873 0 255 0
150.0 0.0 300.0 255 0 0
200.0 0.0 300.0 255 0 0
250.0 0.0 300.0 255 0 0
300.0 0.0 300.0 255 0 0
350.0 0.0 300.0 255 0 0
400.0 0.0 300.0 255 0 0
450.0 0.0 300.0 255 0 0
500.0 0.0 300.0 255 0 0
-500.0 50.0 300.0 255 0 0
-450.0 50.0 300.0 255 0 0
-400.0 50.0 300.0 255 0 0
-350.0 50.0 300.0 255 0 0
-300.0 50.0 300.0 255 0 0
-250.0 50.0 300.0 255 0 0
-200.0 50.0 300.0 255 0 0
-150.0 50.0 300.0 255 0 0
-100.0 50.0 300.0 255 0 0
-50.0 50.0 300.0 255 0 0
0.0 50.0 28.19873 0 255 0
50.0 50.0 28.19873 0 255 0
100.0 50.0 28.199097 0 255 0
150.0 50.0 300.0 255 0 0
200.0 50.0 300.0 255 0 0
250.0 50.0 300.0 255 0 0
300.0 50.0 300.0 255 0 0
350.0 50.0 300.0 255 0 0
400.0 50.0 300.0 255 0 0
450.0 50.0 300.0 255 0 0
500.0 50.0 300.0 255 0 0
-500.0 100.0 300.0 255 0 0
-450.0 100.0 300.0 255 0 0
-400.0 100.0 300.0 255 0 0
-350.0 100.0 300.0 255 0 0
-300.0 100.0 300.0 255 0 0
-250.0 100.0 300.0 255 0 0
-200.0 100.0 300.0 255 0 0
-150.0 100.0 300.0 255 0 0
-100.0 100.0 300.0 255 0 0
-50.0 100.0 28.19873 0 255 0
0.0 100.0 28.19873 0 255 0
50.0 100.0 28.19873 0 255 0
100.0 100.0 300.0 255 0 0
150.0 100.0 300.0 255 0 0
200.0 100.0 300.0 255 0 0
250.0 100.0 300.0 255 0 0
300.0 100.0 300.0 255 0 0
350.0 100.0 300.0 255 0 0
400.0 100.0 300.0 255 0 0
450.0 100.0 300.0 255 0 0
500.0 100.0 300.0 255 0 0
-500.0 150.0 300.0 255 0 0
-450.0 150.0 300.0 255 0 0
-400.0 150.0 300.0 255 0 0
-350.0 150.0 300.0 255 0 0
-300.0 150.0 300.0 255 0 0
-250.0 150.0 300.0 255 0 0
-200.0 150.0 300.0 255 0 0
-150.0 150.0 300.0 255 0 0
-100.0 150.0 300.0 255 0 0
-50.0 150.0 28.19873 0 255 0
0.0 150.0 28.19873 0 255 0
50.0 150.0 28.198853 0 255 0
100.0 150.0 300.0 255 0 0
150.0 150.0 300.0 255 0 0
200.0 150.0 300.0 255 0 0
250.0 150.0 300.0 255 0 0
300.0 150.0 300.0 255 0 0
350.0 150.0 300.0 255 0 0
400.0 150.0 300.0 255 0 0
450.0 150.0 300.0 255 0 0
500.0 150.0 300.0 255 0 0
-500.0 200.0 300.0 255 0 0
-450.0 200.0 300.0 255 0 0
-400.0 200.0 300.0 255 0 0
-350.0 200.0 300.0 255 0 0
-300.0 200.0 300.0 255 0 0
-250.0 200.0 300.0 255 0 0
-200.0 200.0 300.0 255 0 0
-150.0 200.0 300.0 255 0 0
-100.0 200.0 300.0 255 0 0
-50.0 200.0 300.0 255 0 0
0.0 200.0 28.19873 0 255 0
50.0 200.0 300.0 255 0 0
100.0 200.0 300.0 255 0 0
150.0 200.0 300.0 255 0 0
200.0 200.0 300.0 255 0 0
250.0 200.0 300.0 255 0 0
300.0 200.0 300.0 255 0 0
350.0 200.0 300.0 255 0 0
400.0 200.0 300.0 255 0 0
450.0 200.0 300.0 255 0 0
500.0 200.0 300.0 255 0 0
-500.0 250.0 300.0 255 0 0
-450.0 250.0 300.0 255 0 0
-400.0 250.0 300.0 255 0 0
-350.0 250.0 300.0 255 0 0
-300.0 250.0 300.0 255 0 0
-250.0 250.0 300.0 255 0 0
-200.0 250.0 300.0 255 0 0
-150.0 250.0 300.0 255 0 0
-100.0 250.0 300.0 255 0 0
-50.0 250.0 300.0 255 0 0
0.0 250.0 300.0 255 0 0
50.0 250.0 300.0 255 0 0
100.0 250.0 300.0 255 0 0
150.0 250.0 300.0 255 0 0
200.0 250.0 300.0 255 0 0
250.0 250.0 300.0 255 0 0
300.0 250.0 300.0 255 0 0
350.0 250.0 300.0 255 0 0
400.0 250.0 300.0 255 0 0
450.0 250.0 300.0 255 0 0
500.0 250.0 300.0 255 0 0
-500.0 300.0 300.0 255 0 0
-450.0 300.0 300.0 255 0 0
-400.0 300.0 300.0 255 0 0
-350.0 300.0 300.0 255 0 0
-300.0 300.0 300.0 255 0 0
-250.0 300.0 300.0 255 0 0
-200.0 300.0 300.0 255 0 0
-150.0 300.0 300.0 255 0 0
-100.0 300.0 300.0 255 0 0
-50.0 300.0 300.0 255 0 0
0.0 300.0 300.0 255 0 0
50.0 300.0 300.0 255 0 0
100.0 300.0 300.0 255 0 0
150.0 300.0 300.0 255 0 0
200.0 300.0 300.0 255 0 0
250.0 300.0 300.0 255 0 0
300.0 300.0 300.0 255 0 0
350.0 300.0 300.0 255 0 0
400.0 300.0 300.0 255 0 0
450.0 300.0 300.0 255 0 0
500.0 300.0 300.0 255 0 0
-500.0 350.0 300.0 255 0 0
-450.0 350.0 300.0 255 0 0
-400.0 350.0 300.0 255 0 0
-350.0 350.0 300.0 255 0 0
-300.0 350.0 300.0 255 0 0
-250.0 350.0 300.0 255 0 0
-200.0 350.0 300.0 255 0 0
-150.0 350.0 300.0 255 0 0
-100.0 350.0 300.0 255 0 0
-50.0 350.0 300.0 255 0 0
0.0 350.0 300.0 255 0 0
50.0 350.0 300.0 255 0 0
100.0 350.0 300.0 255 0 0
150.0 350.0 300.0 255 0 0
200.0 350.0 300.0 255 0 0
250.0 350.0 300.0 255 0 0
300.0 350.0 300.0 255 0 0
350.0 350.0 300.0 255 0 0
400.0 350.0 300.0 255 0 0
450.0 350.0 300.0 255 0 0
500.0 350.0 300.0 255 0 0
-500.0 400.0 300.0 255 0 0
-450.0 400.0 300.0 255 0 0
