-500.0 -500.0 150.0 255 0 0
-450.0 -500.0 150.0 255 0 0
-400.0 -500.0 150.0 255 0 0
-350.0 -500.0 150.0 255 0 0
-300.0 -500.0 150.0 255 0 0
-250.0 -500.0 150.0 255 0 0
-200.0 -500.0 150.0 255 0 0
-150.0 -500.0 150.0 255 0 0
-100.0 -500.0 150.0 255 0 0
-50.0 -500.0 150.0 255 0 0
0.0 -500.0 150.0 255 0 0
50.0 -500.0 150.0 255 0 0
100.0 -500.0 150.0 255 0 0
150.0 -500.0 150.0 255 0 0
200.0 -500.0 150.0 255 0 0
250.0 -500.0 150.0 255 0 0
300.0 -500.0 150.0 255 0 0
350.0 -500.0 150.0 255 0 0
400.0 -500.0 150.0 255 0 0
450.0 -500.0 150.0 255 0 0
500.0 -500.0 150.0 255 0 0
-500.0 -450.0 150.0 255 0 0
-450.0 -450.0 150.0 255 0 0
-400.0 -450.0 150.0 255 0 0
-350.0 -450.0 150.0 255 0 0
-300.0 -450.0 150.0 255 0 0
-250.0 -450.0 150.0 255 0 0
-200.0 -450.0 150.0 255 0 0
-150.0 -450.0 150.0 255 0 0
-100.0 -450.0 150.0 255 0 0
-50.0 -450.0 150.0 255 0 0
0.0 -450.0 150.0 255 0 0
50.0 -450.0 150.0 255 0 0
100.0 -450.0 150.0 255 0 0
150.0 -450.0 150.0 255 0 0
